time,x,y,z,phi,theta,psi,x_velocity,y_velocity,z_velocity,phi_velocity,theta_velocity,psi_velocity,rotor_speed1,rotor_speed2,rotor_speed3,rotor_speed4
0.06,-7.471853623355642e-07,8.816829928663626e-06,10.009402428231633,0.0015233382597523715,0.00021308430775324183,0.0,-4.8035055738250905e-05,0.0005171610291588262,0.3133808132938442,-0.014773476014003965,0.003997180558367493,0.0,500.4747410904814,500.7655079513849,500.0097806779574,498.9326128068258
0.12000000000000001,-1.3695639845084402e-05,9.612110916615817e-05,10.03380251119812,0.006781284353337469,0.0015668981495453593,0.0,-0.0005270275591572048,0.002966686621636536,0.4998897826853323,0.011206739329363124,0.014421226201764274,0.0,463.3972915420387,464.2157407226843,462.5068212049153,464.54822168143926
0.18,-7.632519645603509e-05,0.00039611715508516414,10.063502261131338,0.007955112098620987,0.0026458036694982923,0.0,-0.001658643557410639,0.007141625286849368,0.49010524146925255,0.00215749615172012,0.008017758354226166,0.0,400.5226284437615,399.93981040287446,401.83571002396076,401.01457140954824
0.23999999999999996,-0.00022939596808178934,0.0009807507358118815,10.094818484923044,0.008083854057722384,0.0031500129852553016,0.0,-0.0034915310511702343,0.012358392326553076,0.553739498698188,0.002121566067155858,0.008871359762776247,0.0,425.08583012532307,425.15884533601496,425.83306312187193,425.82994522123573
0.3,-0.0005232057387539704,0.0019092383365915486,10.133015039073612,0.008884779081288485,0.006537169292936795,0.0,-0.006660868426022368,0.018691374057597084,0.7193864951496172,-0.00814896116585526,0.02621924250618956,0.0,456.6721307359484,458.05351101178917,458.2614396319694,457.4444622438784
0.36000000000000004,-0.001091726306538124,0.0032330803845573427,10.180395570709697,0.01113251394742143,0.012532234996319502,0.0,-0.012962796098497611,0.025660143373913247,0.8598609214361055,0.00881260309526757,0.001952556559549781,0.0,450.6658625790329,448.70038171202333,449.8841318450544,451.255252625175
0.4200000000000001,-0.0021845517305394985,0.005078397407193622,10.238473091847423,0.018903017889400964,0.015025247895295024,0.0,-0.023781115780998507,0.03681069175995283,1.0758602342962826,-0.021890740257825423,-0.016174979428750312,0.0,474.0223168385479,472.6274718910334,474.0300292733061,471.66505647177166
0.48000000000000015,-0.0039381765120999595,0.007691765791218494,10.307016973228196,0.017687614906581217,0.015564499831580036,0.0,-0.03471556923468432,0.050174281907790136,1.20880563748859,-0.026724728916114347,-0.003861660228854878,0.0,448.15127027494805,449.15100640491465,448.47518436316585,448.0823703584974
0.5400000000000001,-0.006362583929775778,0.011084404188549285,10.383855993131064,0.01608061803233163,0.015370812394905009,0.0,-0.04607855709275265,0.06273886852044978,1.3523388659513538,-0.028934163424726933,-0.007511390661664055,0.0,452.39492152099575,452.10107153487115,451.8799246164156,451.70163029229815
0.6000000000000002,-0.009491543237062994,0.015249150989488489,10.471072662269851,0.01992099098079958,0.015307499588852913,0.0,-0.05820217285405302,0.07656343398483086,1.5546215002168522,-0.056030518625037815,-0.001788609307204082,0.0,470.72971771585895,471.172410683355,470.2579277912565,468.1538475979654
0.6600000000000003,-0.013283147944584938,0.020241898066056634,10.566180132136397,0.022450448989178362,0.015476891355721278,0.0,-0.06820659014778048,0.09013001949368274,1.6155363444827615,-0.08384661325339043,-0.008874558601763997,0.0,427.4365793015663,426.83239896196017,427.67288727552494,425.29384037195524
0.7200000000000003,-0.017653512782781294,0.02603840243879818,10.663496909721298,0.017641518234140285,0.015096977166962233,0.0,-0.07743538913765143,0.10265381215414952,1.628347448101668,-0.07974947532472515,-0.00563077479903681,0.0,412.09372975288,412.3804506408549,409.6379874444747,409.9959759322536
0.7800000000000004,-0.022682096737629668,0.03262515742680888,10.768947293880366,0.013390921397358646,0.014854287858574011,0.0,-0.09014500864858166,0.11635613043786291,1.8862853799045678,-0.07285268220748836,-0.0032448195954409968,0.0,487.10907530984394,487.28754197203193,486.53967559388144,487.0515196499877
0.8400000000000004,-0.028441177317550675,0.039964116420118684,10.886216518708547,0.029110556203682414,0.022035692161881393,0.0,-0.10256069712874308,0.1300153803816509,2.022408426024242,-0.12316878403936718,0.025330551228085023,0.0,450.24355145780606,452.5493333849618,454.0782603767376,450.0171949304052
0.9000000000000005,-0.03510059763565394,0.04837050494645891,11.011469422024554,0.023288959145453703,0.03000722878769846,0.0,-0.12023483267625731,0.14958599434661424,2.1524469291869126,-0.13814153171456675,0.05198078243425906,0.0,448.8737048408761,451.0316332882465,451.5054916362865,450.281169363745
0.9600000000000005,-0.043040545131209425,0.057878616824817215,11.146619424200983,0.019584659994543507,0.03339175956462803,0.0,-0.14482165690491425,0.1668831126547769,2.352159534341942,-0.11585739600002043,0.04500792204190227,0.0,472.14040265213555,471.6035397742632,471.23723060941046,472.9419900938934
1.0200000000000005,-0.05257417006002774,0.06836750839874803,11.294682701065073,0.01801476668149249,0.03859365663824921,0.0,-0.17356058146924225,0.18257852961633061,2.5827694560328447,-0.14249887398179936,0.06117460013772999,0.0,481.04124624549667,482.26527076070215,483.0202581436395,480.99409657638427
1.0800000000000005,-0.06394452248430794,0.07976534839469543,11.45533744938562,0.022708543889726762,0.05179072959465181,0.0,-0.20691543831136303,0.1979298185209324,2.7718667155350527,-0.18358331345922385,0.09380658092530252,0.0,469.6724741093893,472.2002551760843,472.19519643875844,468.9933565683683
1.1400000000000006,-0.07738493713050802,0.09203081950210289,11.622816790997662,0.011964754405142664,0.06638078494928745,0.0,-0.2424201699896699,0.2099214398620937,2.810623583525431,-0.19061449601865343,0.12542115499703152,0.0,424.4834654626909,427.19791393156027,424.50775627221986,423.8685979171145
1.2000000000000006,-0.09345536448242772,0.10484574624751515,11.796234792015287,0.000523870912608082,0.07424676404965425,0.0,-0.2941129631288807,0.21596932368269997,2.9695223810495888,-0.19083525209047902,0.11771443011540905,0.0,463.8502439064201,463.25763567451736,462.7841356330472,462.732936840261
1.2600000000000007,-0.11248864670383288,0.11778989025362839,11.975055167456999,6.277689843515104,0.08149908789456717,0.0,-0.3409778239559098,0.21493529089951408,2.991042345305476,-0.166479965216161,0.1214306460094922,0.0,420.3463805659688,420.6819142725915,419.80490813687186,421.8786446192492
1.3200000000000007,-0.13472859977110535,0.13052780244225065,12.158247641387163,6.268071636929754,0.0901828651708323,0.0,-0.4012305769986106,0.20864186602654305,3.114949241316888,-0.16090511022438206,0.13323730519666552,0.0,453.5160121626927,454.47728148680085,453.2365077141233,453.6590869834017
1.3800000000000008,-0.1610138821262177,0.14264245610960335,12.351333823028561,6.258726200730084,0.10197076260647453,0.0,-0.4763047297096683,0.19410027507358577,3.3205131144010673,-0.16831159777387766,0.1106663975381301,0.0,479.319591454732,477.61439421640796,480.16846424605285,479.5829615599075
1.4400000000000008,-0.19175627564879458,0.15375051006167847,12.553783763044251,6.25212555690735,0.10864579647035644,0.0,-0.5491006575450803,0.1755212158573202,3.4273933743220186,-0.19003613763885097,0.10708920457678102,0.0,450.6736387885574,450.39480515996667,452.14711192125804,450.36417826876516
1.5000000000000009,-0.22688622448113693,0.16362394163135563,12.761534729568798,6.241181247196627,0.11539164522895096,0.0,-0.6225407507709743,0.15252788829576083,3.4972948804522392,-0.1837283435993631,0.09957179518496354,0.0,439.4509314677408,438.83703151770123,440.9344412781926,441.4206708416226
1.560000000000001,-0.2670625792598418,0.17173422665010665,12.977760507861115,6.2346796420225346,0.12232249078129609,0.0,-0.7174294825307148,0.1171093920389531,3.7093991699882394,-0.20825544623731188,0.08759037927227781,0.0,484.6446959132284,483.75025931539824,485.09390457345387,483.215866650564
1.620000000000001,-0.312873799912666,0.17762823985145731,13.204862755185426,6.222175583752259,0.1298005896811656,0.0,-0.8103527260821627,0.07802042374394472,3.8599688333518802,-0.20882788416889855,0.1027654621080207,0.0,466.32946452131637,467.5202030698232,468.4659659040339,468.3811334981222
1.680000000000001,-0.36445745529106804,0.18089731734069803,13.441092704719432,6.210716850733366,0.139689179293077,0.0,-0.910144051107669,0.02974935402921592,4.013553329665962,-0.22142914852817885,0.08039505388201038,0.0,471.07911272421063,469.3532372978492,470.4671249225812,469.4482579724494
1.740000000000001,-0.4218224705964662,0.18127490021793224,13.683514671424605,6.2087553775306645,0.14968240304896074,0.0,-1.0029225834342852,-0.017278100252652688,4.066777089437415,-0.25951371055525685,0.10413008746646993,0.0,440.37726422030534,442.34293978944436,441.35198235039934,438.14157161985315
1.8000000000000012,-0.4852833279031956,0.17860204437126914,13.931196576945396,6.198509782522127,0.16216723186159676,0.0,-1.1137123949065832,-0.07286229866620356,4.1884698697513025,-0.23540792713207254,0.07554548010264114,0.0,463.6154006966351,461.3711305492304,462.62064131504155,464.45449685269443
1.8600000000000012,-0.5553301441325755,0.17252234146183626,14.184327250680012,6.184374303255099,0.1666930668613027,0.0,-1.2215827988727197,-0.13111930938486097,4.2487247700877795,-0.23696085144385626,0.07512850619501513,0.0,445.1016975679151,445.0720278344746,445.8642824164383,445.68205733645436
1.9200000000000013,-0.6317063206639858,0.1628751280033227,14.439653080178683,6.189041142770034,0.17166707325826458,0.0,-1.3247199451383953,-0.19004668322312684,4.261947004028282,-0.1905432730203777,0.08150408656969031,0.0,430.78227889732966,431.32605521166903,429.2736955393637,433.14487237835885
1.9800000000000013,-0.7145289641891965,0.1496396298189226,14.696680908245803,6.177723226556289,0.1772768042831112,0.0,-1.4365442530013746,-0.25215515207841016,4.30518356599875,-0.19564389035069063,0.07093453708096682,0.0,442.73274229787006,441.86704995682334,440.8596091490366,440.4015298954144
2.0400000000000014,-0.8041646462350664,0.13247187876244637,14.956188105282157,6.166153957580857,0.18506618434902045,0.0,-1.5519925213274401,-0.3211376585343076,4.344536688370643,-0.19217970682451319,0.09036020761600776,0.0,440.69463362137003,442.3023985061584,440.9093438228099,441.1582611069895
2.1000000000000014,-0.9017363768507093,0.1104184507603691,15.22256737435779,6.158041679791351,0.19051770768376386,0.0,-1.7008841741451137,-0.4148077534610521,4.533638354704575,-0.1730914741465984,0.0914025555356434,0.0,488.6857493974918,488.76952617350383,487.61952113801516,489.0134399955796
2.1600000000000015,-1.0072158718036415,0.083313215667743,15.494279123316769,6.147823200397667,0.19769017601184835,0.0,-1.815736332899223,-0.4895382190157747,4.523073520752946,-0.17892771933493534,0.0759177901532081,0.0,429.1543734559821,427.8442871700156,428.5168773366271,427.9896209348819
2.2200000000000015,-1.1195482254810571,0.05167115333786186,15.76452117424525,6.1417970913242925,0.20230735423201107,0.0,-1.9290934532685595,-0.5656930830662137,4.484843855551734,-0.15632575015597944,0.07173498294366086,0.0,420.27027276491555,419.91221972453985,418.356667661946,420.2902352015122
2.2800000000000016,-1.239044956260326,0.01516226289069917,16.033767824982153,6.132437189089714,0.20770221291616942,0.0,-2.0545977550911485,-0.6520490845332044,4.489626819830559,-0.15557752650991874,0.08203809589980524,0.0,434.17948970535986,435.04773735791696,434.6479498224393,434.6870109804003
2.3400000000000016,-1.366382041961305,-0.026812096938945908,16.30416540313441,6.127998716160594,0.21626992129622913,0.0,-2.190712125740901,-0.7474007943919876,4.52304434232177,-0.1810475999976012,0.10178728597513603,0.0,443.8190018250604,445.44374768799753,446.45898329143586,444.35001457573225
2.4000000000000017,-1.5024187440068835,-0.074847946097365,16.57803014104008,6.117200096701591,0.23127363509328713,0.0,-2.345206114301863,-0.8547097787341236,4.604652034545174,-0.18527393751916657,0.13328240837805355,0.0,462.1750011264936,464.6616782156833,460.6428930503577,460.2775508131079
2.4600000000000017,-1.648534466211567,-0.12988542598896055,16.858784488597045,6.106112563916749,0.24333505679724965,0.0,-2.526480447126194,-0.980863767660707,4.752326438380184,-0.1842590120654083,0.10996420448875568,0.0,486.24560950991156,484.5083146245965,484.032723987622,484.0790141261193
2.520000000000002,-1.8052351794456685,-0.1923241448355215,17.146136907999413,6.0978118375549855,0.2505812017568436,0.0,-2.6974806965863194,-1.1010734310487045,4.825111445128563,-0.2036817167057156,0.11766498611440665,0.0,464.34577534162514,464.96022131971154,465.2322055497102,463.6749402996364
2.580000000000002,-1.9725983338078192,-0.26231179431005847,17.438694889017547,6.087924845418399,0.2591598970926734,0.0,-2.8820335998699522,-1.232638289688109,4.925554836174438,-0.22166145557086372,0.10291076765788904,0.0,477.2147056227726,476.09736705481,474.8264211325304,473.40451229750477
2.640000000000002,-2.149821333039625,-0.33937270809523784,17.732044496015952,6.074799288527593,0.26586522735456963,0.0,-3.025993357984677,-1.3370350993473512,4.8523932331389625,-0.21813651797153596,0.0936402078943565,0.0,421.5226994652246,420.7298451216448,420.51603222627716,420.77019785860256
2.700000000000002,-2.336369389443817,-0.4232874911164774,18.022963786215623,6.074853508040304,0.2732167221865245,0.0,-3.1928860678205377,-1.4600536842251124,4.844370592711143,-0.1796071946702983,0.10691063375839854,0.0,442.9650061569379,444.0634181932165,442.9301285184592,446.0467626902813
2.760000000000002,-2.5334866519836905,-0.5148655058924582,18.314665157453334,6.07141460182833,0.28892593206745154,0.0,-3.3790554549510494,-1.5926728515432762,4.877826770653953,-0.15111077882738946,0.0722916273670702,0.0,460.93484471103227,458.1978413890405,457.68664735643154,459.9227145003109
2.820000000000002,-2.7418594330263404,-0.6143328177366538,18.607651497704087,6.062646348302019,0.29498435107145227,0.0,-3.5672029142477255,-1.7235382516346942,4.887505089035771,-0.15841504156540984,0.05667070149212672,0.0,453.9652362515324,452.71310655521773,454.59503537772736,453.9875461951383
2.880000000000002,-2.9617971624536055,-0.7218608446348603,18.901593240820105,6.067491246536338,0.30302622132869317,0.0,-3.76473053939426,-1.8601746742798708,4.909778260584929,-0.11810194354090262,0.03183918303494461,0.0,460.7791740174092,458.81294527814816,458.1443044324176,461.3201132645926
2.940000000000002,-3.1919829303629306,-0.8363260509430492,19.19135521525945,6.060438646368116,0.30619422307988753,0.0,-3.908586294206602,-1.955863510809744,4.74911000690807,-0.12164021134652613,0.01829570369174605,0.0,397.888156137521,396.64628211842864,397.5452609812103,397.20617835365255
3.000000000000002,-3.432499973800466,-0.9577361796116796,19.4763586022056,6.0561294465453095,0.31948124389750276,0.0,-4.109692629881126,-2.091307832439257,4.749903113066667,-0.1418185977384293,0.05535982277247357,0.0,452.5843378221519,455.5587105510787,455.68450068598054,454.0535774576835
3.0600000000000023,-3.6848580715696904,-1.0870318723539996,19.75997881429857,6.051981343728293,0.3227920085358491,0.0,-4.30256942927347,-2.2188436896154053,4.703584839096694,-0.12011177072604788,0.05378295264816081,0.0,440.8528187821515,440.7245167272404,439.9354238412654,441.7126202088436
3.1200000000000023,-3.949678164370151,-1.224607905771112,20.043098814312295,6.04517974335562,0.32638682017030796,0.0,-4.525015181347484,-2.3674798877226126,4.7326773146269785,-0.11423761417059007,0.045831308462995525,0.0,467.1091730528549,466.4900761902786,467.60454907125796,468.05025017639895
3.1800000000000024,-4.226990214007608,-1.3705497169670169,20.32514473699194,6.041299731107582,0.33158691407982666,0.0,-4.719218126030417,-2.4975050654028057,4.66829288827254,-0.09650815524952279,0.027441965369756856,0.0,439.2715300323544,437.7444214295059,437.2254403649953,438.6898776496538
3.2400000000000024,-4.517739253406683,-1.5255090699857998,20.607962840091563,6.039813552299311,0.33608214490483324,0.0,-4.972675648769274,-2.6677095927535013,4.757548137631534,-0.07495001174317936,0.007713926260597615,0.0,491.9407985878894,490.4775049527057,488.1425707796853,489.74310068961967
3.3000000000000025,-4.822270800518067,-1.6896583697199075,20.891802131847445,6.035689381911798,0.33665343278619897,0.0,-5.178534020735067,-2.804237047984431,4.7032647671512855,-0.06935481914588329,0.010315814070816791,0.0,445.56372056899664,445.77631757431925,446.25486100376565,446.7073453829885
3.3600000000000025,-5.140024775430114,-1.8626449821578621,21.17460024959567,6.032020526626926,0.33733593397632244,0.0,-5.413298956823516,-2.9621687452111254,4.722378829692882,-0.07833555850590697,0.006104808349798041,0.0,471.5885722666472,471.2629912251434,472.4471351532919,471.7503181369486
3.4200000000000026,-5.47195505304701,-2.0451972990448715,21.458584033494578,6.030904931247846,0.3379243653047892,0.0,-5.651077325137785,-3.1228648773480994,4.742834125597841,-0.10031073146652048,0.01020550163211044,0.0,473.03514115756104,473.3507733259616,476.12374174091826,474.4335554709145
3.4800000000000026,-5.8166729097465355,-2.2363423050156395,21.73950631158145,6.0250248026653,0.3385265324724349,0.0,-5.839844473284077,-3.249112292413807,4.621032727142961,-0.09726126567267256,0.009475016813349592,0.0,428.7655033452251,428.70330038834754,427.0048849649388,427.2561050907858
3.5400000000000027,-6.1737754284354285,-2.435878731480056,22.015793409560363,6.019206091571222,0.33954389680199615,0.0,-6.06375435602097,-3.402500076870795,4.5877096979431755,-0.09659714028057426,0.0008384129360378559,0.0,460.00393429870917,459.3192333509081,458.77326482371075,458.81828091200197
3.6000000000000028,-6.543391888225764,-2.6439873169723374,22.287307336975356,6.015262643702963,0.33981765008203446,0.0,-6.257138809057053,-3.5348278972896225,4.4625730858980495,-0.08284021650661907,0.004953890098597508,0.0,428.54139836833895,428.8911350878604,429.0010950284576,430.16050442530565
3.660000000000003,-6.925956942514062,-2.8610629461775776,22.554743905106317,6.0119790142299365,0.34081057832178896,0.0,-6.495183785607932,-3.7012173856321655,4.4510321785327305,-0.0697629132765588,0.012969299142028923,0.0,468.07031969737665,468.69373376998254,468.5990165223709,469.61017544648945
3.720000000000003,-7.322669617590267,-3.088004175614208,22.820797584214453,6.013870922360621,0.3463030872970263,0.0,-6.729124018785265,-3.863263937550025,4.416497897801105,-0.04393064850034907,-0.012045826069366314,0.0,463.75086586346873,461.78122449948455,462.80430283571246,464.831075283659
3.780000000000003,-7.732660348240672,-3.32399115625528,23.08230380357697,6.013985950899041,0.348953796102494,0.0,-6.937762231279261,-4.0030376199356725,4.300055420957677,-0.06333930347494579,-0.03340166010705846,0.0,438.0556846865857,436.2756878936833,437.7906886048185,436.1706186846409
3.840000000000003,-8.154533662820885,-3.5678573856678355,23.334823522688215,6.01048618749013,0.3469623358852685,0.0,-7.125137001196443,-4.126295277942601,4.117471559164342,-0.058414946384573424,-0.032882196260892387,0.0,414.06889345492186,414.11408451326287,412.9302231843591,413.361495984534
3.900000000000003,-8.589136731184215,-3.820251164259385,23.58014321578488,6.007617466653127,0.3449875094568675,0.0,-7.361782108824576,-4.287091413397148,4.059265363566237,-0.06843471832272087,-0.03518373615605422,0.0,457.42383240494974,457.2400455574701,458.0579509221359,457.25760056093355
3.960000000000003,-9.037650766544475,-4.082076244983346,23.82099674725062,6.0149174615245595,0.3432894514685554,0.0,-7.58905082854918,-4.4400564792454835,3.9691536510512844,-0.10665103052166794,-0.04352510694307623,0.0,447.7366315178876,447.05660293784604,449.39878483913037,446.2840547073427
4.020000000000002,-9.500499263188027,-4.353515391317633,24.058119211080808,6.009573893707234,0.3406742336520967,0.0,-7.8393131325460805,-4.6083640648387645,3.934096205151033,-0.09653352579089589,-0.04572294197376397,0.0,466.1218025452806,465.9489560416388,466.9902209344635,467.7702649125744
4.080000000000001,-9.977221095322157,-4.63425045033955,24.28980699448944,6.004427424383728,0.33889639498167057,0.0,-8.051863879121763,-4.7499938406933095,3.788645469478781,-0.10661710063324628,-0.057753975172609266,0.0,431.13410670403624,430.11443389166203,430.8245784038115,429.9619154291244
4.14,-10.467797877687925,-4.9243818132670265,24.515468709034135,5.998087899854639,0.33987770484691726,0.0,-8.301045617644748,-4.9215211783132125,3.732391794541857,-0.11070601752879615,-0.03582361858970331,0.0,462.7776660665741,464.49961881646306,460.80301271534796,460.4697700755163
4.199999999999998,-10.974067082310295,-5.225422908929529,24.739354742180105,5.99507261963835,0.34013053651789704,0.0,-8.57484719791769,-5.11337280629339,3.729196808097842,-0.09100952476746477,-0.05404471747618871,0.0,482.44560087067606,481.0666739010615,481.18939148130187,482.6699988192186
4.259999999999997,-11.496365895300404,-5.537653145525835,24.961586828999998,5.991638502446921,0.33941080535347634,0.0,-8.835430945715181,-5.2945950811179046,3.6776267838618835,-0.10785033581048709,-0.03780380297000608,0.0,468.0461567440966,469.30746605580157,469.3629101400243,468.04623797418094
4.319999999999996,-12.033311927823519,-5.8599559736767635,25.177671183264035,5.98859124449314,0.3380286471078984,0.0,-9.063369113458041,-5.449271239178154,3.5249672696706633,-0.1293560804676729,-0.049385205930425204,0.0,436.6377365504256,435.66918925915115,436.72466511331487,434.91444601752386
4.379999999999995,-12.583881301928377,-6.191488471711255,25.38406201019623,5.983375301890078,0.3389348238623473,0.0,-9.289647418350066,-5.602350691684226,3.354363458436165,-0.14807532218855246,-0.029004072829919306,0.0,429.3545001243312,431.07966780952773,431.1200488319951,429.5172542836908
4.439999999999993,-13.1478842698654,-6.532064078058554,25.579363944036306,5.985180674838954,0.33788219253535434,0.0,-9.51129178846491,-5.750512633438243,3.1558760670007824,-0.11344009257406451,-0.039366869135964946,0.0,420.5697932316732,419.6705030595825,419.8143752730775,422.79157603295613
4.499999999999992,-13.725837622142139,-6.881996321870172,25.764105550736147,5.9883655216807465,0.33560128528783295,0.0,-9.75456201372777,-5.914111612889455,3.002192248401617,-0.07999408217160144,-0.043909704740089504,0.0,436.13092352558743,435.7502966704974,435.5755984980183,438.3552850888262
4.559999999999991,-14.318413483830092,-7.241688129344354,25.939264928482554,5.985554890626599,0.3362348672057074,0.0,-9.998774143978224,-6.076084092930202,2.8360541467328626,-0.06569865046249604,-0.02527003652682252,0.0,430.9087855502703,432.4813727361382,432.30757431164324,433.5062201340965
4.6199999999999894,-14.926451519189897,-7.611729228291996,26.106136564732385,5.9848232950943405,0.3349834512424614,0.0,-10.26984424947196,-6.258937114519898,2.7257395501100223,-0.047234827434511586,-0.032233370004590034,0.0,453.3947473933176,452.834609151758,451.75726296106274,453.2416192510692
4.679999999999988,-15.552510558940915,-7.994176896582688,26.270706817860855,5.9820377449314215,0.33391868857846774,0.0,-10.599110707603371,-6.4895134990919665,2.7582303532651595,-0.04573964892827777,-0.02315006013912327,0.0,500.8959100112239,501.5560616877541,500.4699391312026,500.5777512238596
4.739999999999987,-16.19608626865198,-8.388510273706473,26.430496873986737,5.980716199405451,0.3374336134538467,0.0,-10.854465525690456,-6.655338324849464,2.567575032572448,-0.03381811473570759,-6.200242860564774e-05,0.0,429.723690302216,431.6770873423424,429.07850067546667,430.08872666394825
4.799999999999986,-16.855296289591468,-8.79293977605742,26.578959409815425,5.981612585727294,0.3470383240937229,0.0,-11.120441520203864,-6.825787580899336,2.3801044543573133,-0.016243335224442604,-0.03523923650280892,0.0,435.2062518644982,432.2509099880075,431.6295247719527,433.1104331021382
4.859999999999984,-17.530031905158772,-9.207075903412406,26.714203675429417,5.984262276172814,0.3456512737287829,0.0,-11.372053469261925,-6.9792722433625505,2.1283962539076873,-0.038332544757906,-0.02702043367866174,0.0,410.3824037064049,411.1110517123907,412.0744984621533,410.1163325143931
4.919999999999983,-18.22115363726911,-9.63135000606905,26.83711858453329,5.991560862775868,0.34515094896450993,0.0,-11.666570433847577,-7.163264659303789,1.9686586524353862,-0.07349258466200201,-0.03988027564476577,0.0,443.8347569298098,442.7773624929404,445.52597058842724,442.63930824126567
4.979999999999982,-18.929229767042063,-10.06593350151015,26.94784596297941,5.9875826620055435,0.3433014473453433,0.0,-11.937238210298629,-7.323602981964951,1.722156304987723,-0.08198713893104663,-0.049243741408710004,0.0,413.3694085516949,412.54198772232803,413.0387907313407,412.28359404975527
5.0399999999999805,-19.654428792721948,-10.510801308555688,27.04542502188483,5.9830560018373475,0.3419495563983963,0.0,-12.237228921677076,-7.506028128779059,1.529890427927283,-0.09015541099744438,-0.036523908711952664,0.0,432.317069042657,433.3866175342575,433.8952520523302,433.202649197178
